image_width: 640
image_height: 480
camera_name: narrow_stereo
camera_matrix:
  rows: 3
  cols: 3
  data: [620.381916, 0.000000, 318.854106, 0.000000, 618.447352, 246.351825, 0.000000, 0.000000, 1.000000]
distortion_model: plumb_bob
distortion_coefficients:
  rows: 1
  cols: 5
  data: [0.139620, -0.568317, 0.001613, 0.001047, 0.000000]
rectification_matrix:
  rows: 3
  cols: 3
  data: [1.000000, 0.000000, 0.000000, 0.000000, 1.000000, 0.000000, 0.000000, 0.000000, 1.000000]
projection_matrix:
  rows: 3
  cols: 4
  data: [617.287048, 0.000000, 318.816469, 0.000000, 0.000000, 622.130432, 246.339027, 0.000000, 0.000000, 0.000000, 1.000000, 0.000000]
